1,1,2,1,2,2,1,1,2,2,0,1,1,1,2,0,0,0,0,1,2
2,1,1,2,2,2,2,0,1,2,0,1,1,1,1,1,1,1,2,2,1
3,0,0,1,0,2,1,0,2,1,1,1,1,0,1,0,0,0,1,1,0
4,1,1,1,1,0,1,2,2,1,1,1,2,1,1,1,2,1,1,1,0
5,1,1,1,2,1,2,1,2,0,0,1,1,1,1,1,2,0,2,2,2
6,1,2,1,2,1,1,1,0,0,1,1,1,0,1,1,2,1,2,0,1
7,0,0,0,2,1,1,2,2,1,0,1,1,1,1,0,1,1,1,1,1
8,1,2,0,0,0,0,2,1,2,0,1,0,1,1,0,1,0,1,2,1
9,1,1,2,0,2,1,1,0,0,0,0,0,2,0,2,1,0,1,1,2
10,1,2,1,1,2,0,2,1,2,1,2,0,2,1,0,2,0,1,2,1
11,1,1,0,2,0,0,1,1,1,2,1,2,2,1,2,0,1,1,1,1
12,1,1,1,1,0,1,1,2,2,1,1,2,1,2,1,0,2,1,2,1
13,1,1,0,2,1,2,1,1,0,1,1,1,1,0,1,1,0,2,1,1
14,1,2,1,1,2,2,2,0,0,1,0,1,1,0,0,2,1,2,0,0
15,2,1,1,2,1,0,1,1,1,1,1,0,2,1,1,0,2,0,1,0
16,2,0,1,0,1,1,1,2,2,0,1,0,0,2,1,1,2,1,2,1
17,1,1,2,2,2,2,1,0,2,1,1,0,1,1,1,1,2,1,0,2
18,2,1,2,1,1,1,1,0,1,1,2,1,0,1,0,1,2,2,1,0
19,2,0,1,1,1,0,2,2,2,2,1,2,0,0,2,1,1,1,0,1
20,0,0,0,1,0,2,1,1,1,1,2,1,2,0,1,0,1,1,1,1
21,1,1,2,1,0,1,1,0,1,0,2,0,2,1,0,1,1,2,2,1
22,1,0,1,1,0,2,0,1,2,1,1,2,2,2,0,1,1,2,1,0
23,1,2,1,1,1,1,0,1,0,1,1,1,2,2,2,1,2,1,1,2
24,2,0,1,1,0,0,2,2,1,2,0,1,0,1,2,1,1,2,2,2
25,2,1,0,1,2,1,0,2,1,1,1,1,1,2,1,1,2,1,1,1
26,2,0,1,2,1,2,0,2,1,1,1,2,1,0,2,1,1,1,0,0
27,1,1,0,0,0,0,2,2,0,1,1,0,1,1,1,1,0,0,0,1
28,1,2,1,0,0,1,2,0,1,1,2,0,1,0,1,1,1,0,0,2
29,1,1,2,1,1,1,0,2,0,1,1,1,1,0,1,2,1,1,2,1
30,0,2,1,0,1,0,0,1,0,1,1,1,0,2,0,1,0,1,0,1
31,1,0,2,2,0,2,0,2,2,0,2,2,1,0,1,1,0,1,1,1
32,2,1,1,1,2,0,0,1,0,1,1,0,1,1,1,0,1,1,2,1
33,1,0,0,2,1,2,0,1,2,0,0,0,2,1,2,2,0,0,1,1
34,2,0,2,1,1,1,1,1,1,1,0,2,0,2,0,2,1,0,0,1
35,0,0,1,0,2,2,1,0,0,1,1,2,1,0,2,2,2,1,0,1
36,1,1,2,2,1,2,1,0,1,1,1,1,1,1,0,1,0,1,0,0
37,0,1,2,2,0,1,0,2,0,0,1,1,1,1,1,0,2,1,1,0
38,0,1,0,1,0,1,0,1,2,1,0,0,0,2,2,0,2,1,2,1
39,2,1,1,0,1,1,1,0,1,0,2,1,2,2,1,0,1,2,1,1
40,2,1,1,1,1,1,0,1,0,0,0,0,1,1,1,2,1,1,1,2
41,1,1,0,1,2,1,1,1,1,1,1,1,2,0,2,1,1,2,1,2
42,2,2,1,0,1,1,0,1,1,1,0,0,0,1,1,2,0,1,0,0
43,1,1,0,1,2,2,1,2,2,2,1,1,2,0,2,0,2,2,2,1
44,1,0,1,0,0,0,0,1,2,1,1,0,1,2,0,1,2,1,1,1
45,1,2,1,0,1,2,0,1,0,2,2,1,1,2,0,1,2,1,1,1
46,0,0,1,1,0,1,0,1,1,1,0,1,1,2,0,1,1,2,0,1
47,1,0,1,0,2,1,1,1,2,2,0,1,0,2,0,2,2,1,0,0
48,2,1,2,1,2,0,2,1,1,1,0,2,2,1,0,0,1,1,1,1
49,0,0,1,2,1,0,0,2,0,1,1,1,1,0,1,1,1,1,0,0
50,2,2,0,2,1,0,1,0,2,1,1,1,2,1,1,0,1,2,1,2
51,2,0,2,2,2,1,2,2,2,2,0,2,1,0,1,1,0,1,2,1
52,2,2,2,2,1,1,2,1,1,0,1,0,1,2,2,0,2,2,1,2
53,1,2,0,1,2,0,0,1,1,0,2,0,1,0,1,1,0,1,1,2
54,1,0,1,2,0,1,1,2,2,0,1,0,0,1,1,2,1,1,1,2
55,1,1,0,0,1,2,0,2,1,1,1,2,2,2,0,1,1,1,1,1
56,1,2,0,1,1,1,1,2,1,2,2,2,2,1,1,1,1,2,0,1
57,0,2,2,0,2,0,2,1,0,1,1,1,1,0,1,1,1,2,0,1
58,2,0,1,1,1,1,0,1,0,1,2,2,1,1,1,1,1,1,0,1
59,2,1,1,1,1,2,1,2,1,0,1,2,1,0,0,1,1,2,0,0
60,2,2,1,1,1,1,2,1,1,1,1,0,1,1,2,1,0,1,0,0
61,0,1,0,1,0,1,2,0,0,2,1,2,1,1,2,1,2,1,0,0
62,0,2,1,1,0,0,2,0,1,1,2,1,2,0,2,2,1,1,0,0
63,0,0,0,1,2,1,0,1,1,0,1,1,1,2,2,1,0,0,0,0
64,1,1,0,0,1,1,0,0,1,1,1,1,0,0,1,0,0,2,1,2
65,1,1,1,0,2,2,2,0,0,0,1,1,1,1,1,1,2,1,1,1
66,2,1,1,0,0,1,1,0,2,1,1,1,0,2,0,1,1,2,0,1
67,1,2,1,2,1,1,1,1,0,2,1,1,1,0,1,1,0,1,1,1
68,1,1,1,1,1,1,2,2,1,0,1,1,1,1,2,1,0,1,0,2
69,2,1,2,2,2,1,2,1,1,2,1,1,0,1,0,0,0,2,1,2
70,1,2,2,2,1,1,2,0,1,2,1,1,2,0,0,1,1,2,1,0
71,1,1,1,1,2,1,1,0,1,1,1,0,1,0,2,1,1,1,0,0
72,2,2,0,1,0,0,2,2,1,1,0,2,0,2,1,1,0,2,0,0
73,2,0,1,1,1,1,2,2,0,2,1,0,1,0,0,0,2,0,1,2
74,1,1,0,0,2,1,2,1,1,0,1,1,2,0,1,2,1,1,1,1
75,1,1,0,1,0,1,2,2,1,2,2,1,2,2,0,2,1,0,1,0
76,1,2,1,0,0,0,1,1,1,1,0,1,1,1,1,1,1,1,1,2
77,2,1,1,1,1,0,0,2,1,1,1,0,2,0,1,0,1,0,1,2
78,2,0,2,1,2,2,2,2,2,1,1,0,1,0,1,1,0,0,1,1
79,0,0,1,0,1,2,1,1,2,0,0,0,1,2,2,2,1,1,0,1
80,1,1,2,1,1,1,0,2,0,0,2,1,1,2,0,1,2,2,1,1
81,0,1,2,1,0,0,1,2,1,0,2,1,1,0,1,2,0,1,1,1
82,1,1,1,1,1,1,1,0,2,1,1,2,2,1,1,1,2,1,2,2
83,1,2,1,0,1,0,2,1,1,0,2,1,1,1,0,1,1,0,1,1
84,2,1,2,1,2,1,2,2,1,0,0,2,2,1,1,1,1,1,2,1
85,1,2,1,0,0,1,0,2,1,2,2,1,1,1,1,1,0,1,2,0
86,1,1,2,2,0,0,1,1,2,0,1,2,0,1,1,2,1,1,0,1
87,2,2,2,2,0,2,1,1,1,2,1,0,2,1,2,2,1,1,1,1
88,1,2,2,1,1,1,0,1,1,1,1,0,0,0,2,1,2,1,2,2
89,0,2,1,2,0,1,1,2,0,1,2,0,0,1,1,1,1,0,1,1
90,1,1,1,1,2,1,1,0,2,1,0,1,1,2,2,2,2,1,1,0
91,2,1,0,1,2,1,1,0,0,1,2,2,2,1,1,1,2,1,1,2
92,1,1,1,0,2,2,0,1,0,2,2,1,2,2,1,0,1,1,1,0
93,0,1,2,2,1,1,0,1,2,0,1,1,1,1,1,1,0,2,1,1
94,0,0,0,1,2,1,1,1,1,2,0,2,1,2,2,0,2,1,1,1
95,0,0,0,0,2,0,1,0,0,2,0,2,1,1,1,0,2,2,0,1
96,1,2,0,2,0,2,2,1,1,2,1,1,0,1,1,2,1,0,2,0
97,0,0,2,0,0,1,1,1,1,0,1,2,0,2,0,1,2,1,1,0
98,1,0,1,0,0,1,2,1,1,1,1,2,1,2,1,1,2,2,1,1
99,2,2,1,1,1,1,1,0,2,2,1,1,1,2,0,1,2,0,0,1
100,1,1,1,1,0,2,0,2,1,2,1,1,1,0,1,2,2,0,1,1
101,1,0,1,2,0,1,1,2,1,2,1,0,0,1,0,2,2,1,2,1
102,0,1,2,1,2,2,1,2,2,2,2,2,0,1,1,1,2,2,0,2
103,2,1,1,1,1,1,1,2,2,1,2,2,0,1,0,2,0,0,1,1
104,0,0,0,1,1,0,0,1,2,1,1,2,2,0,1,2,0,2,2,2
105,2,2,1,1,1,2,1,1,0,0,1,0,1,0,1,1,1,1,1,1
106,2,1,2,1,0,2,1,0,2,1,2,0,2,0,2,1,1,1,0,1
107,0,1,1,1,0,2,1,1,2,1,1,1,2,1,1,0,1,0,1,1
108,0,1,2,0,1,2,2,0,0,0,2,1,2,2,1,0,1,1,1,2
109,2,0,1,1,0,2,1,1,2,1,2,2,2,1,1,1,2,0,1,0
110,1,0,1,0,1,0,1,0,2,1,1,2,1,2,1,1,1,1,1,1
111,0,2,1,0,1,0,0,2,0,2,2,1,0,1,1,1,2,1,1,1
112,2,2,1,0,2,0,1,1,1,1,2,0,1,0,2,2,1,1,1,1
113,0,0,1,0,1,0,2,2,2,2,2,2,1,1,0,1,0,1,1,1
114,1,1,1,1,2,2,1,2,1,1,1,2,1,2,1,1,2,0,1,1
115,2,0,1,1,1,1,2,1,1,2,1,0,2,1,1,0,1,0,1,1
116,1,1,1,1,2,0,2,2,0,1,1,1,1,1,0,1,1,2,0,0
117,1,2,0,2,1,1,1,0,0,1,0,0,0,1,2,2,0,0,2,0
118,1,1,1,1,2,2,1,1,1,0,0,1,0,0,0,0,0,0,2,0
119,1,2,1,1,1,1,1,1,1,0,1,1,0,2,1,0,2,1,2,1
120,2,1,1,1,1,2,0,0,1,2,0,1,1,0,1,2,2,1,2,1
121,2,2,1,1,0,0,2,1,0,0,1,2,2,0,2,1,0,2,1,1
122,1,0,2,2,1,1,0,1,0,1,2,1,1,1,1,0,2,1,0,2
123,2,0,1,2,0,0,1,1,2,0,2,1,1,0,2,1,1,2,1,0
124,1,1,0,1,2,2,0,1,1,1,1,1,0,0,0,2,1,1,0,1
125,0,1,0,2,1,0,1,2,2,1,0,1,1,1,2,1,0,1,1,1
126,1,2,2,1,1,0,1,0,1,1,0,0,0,0,2,1,0,0,2,1
127,1,1,1,2,1,0,2,1,1,1,2,1,1,1,1,0,2,1,1,1
128,0,0,2,1,1,2,1,1,1,0,2,1,1,1,1,1,2,2,0,2
129,1,1,2,1,2,1,1,2,2,2,1,1,0,1,1,2,1,1,1,2
130,0,2,1,0,2,2,0,2,1,2,2,1,2,1,0,1,1,0,2,1
131,2,1,1,2,1,1,2,0,0,0,1,0,1,2,0,1,0,0,1,0
132,1,0,1,1,2,1,1,1,1,1,1,1,0,1,0,2,1,1,2,0
133,0,0,2,1,0,2,2,2,2,2,2,1,1,0,2,2,0,1,1,0
134,2,2,1,0,2,0,1,0,1,0,0,1,1,1,1,0,0,1,1,1
135,2,1,1,2,1,1,2,1,0,1,1,2,2,1,2,1,2,2,2,0
136,2,0,2,1,0,0,2,1,2,1,0,0,1,1,1,1,2,1,2,0
137,2,1,2,0,1,0,0,0,0,1,1,1,1,1,1,2,1,0,2,1
138,1,0,1,1,2,0,2,0,1,1,2,0,1,1,1,2,1,1,1,1
139,2,1,1,1,1,2,1,0,2,1,1,1,0,2,2,2,1,1,2,0
140,2,0,1,0,1,0,2,1,1,1,0,1,1,1,1,0,1,0,1,0
141,1,0,1,1,1,1,1,0,2,0,2,2,1,1,1,1,2,2,2,0
142,1,0,0,0,1,1,1,1,0,1,1,1,0,1,1,2,1,1,1,1
143,2,2,1,1,0,2,2,1,2,1,0,2,0,0,1,1,1,2,0,0
144,1,2,0,0,2,1,1,2,1,1,0,1,0,1,2,1,0,0,0,2
145,0,1,1,0,1,2,2,1,1,1,1,1,0,2,2,0,1,1,0,2
146,0,0,1,0,0,0,1,0,1,0,0,2,0,1,1,1,1,1,2,2
147,2,1,0,0,2,0,1,1,1,1,2,1,1,1,1,0,2,2,2,2
148,1,1,0,0,2,2,2,1,1,2,2,0,1,2,2,1,1,0,2,2
149,2,0,1,1,1,0,1,2,0,1,0,0,2,2,2,1,1,1,0,2
150,2,1,0,1,1,1,2,1,2,1,2,1,1,0,2,1,2,1,2,0
151,2,2,1,2,1,1,1,2,1,2,2,0,2,0,2,2,2,0,1,1
152,0,0,2,0,2,1,1,2,2,1,1,0,1,2,0,1,2,2,1,1
153,0,1,0,2,1,2,2,1,1,1,1,1,0,0,2,2,2,2,1,2
154,1,1,1,0,0,0,0,1,2,1,2,2,0,0,1,0,1,0,1,1
155,1,0,0,0,2,2,0,0,2,0,1,1,1,1,2,0,1,0,1,1
156,0,1,1,1,1,0,1,0,1,2,0,2,1,0,1,1,2,0,0,2
157,0,1,2,2,2,1,1,1,0,1,2,1,0,2,1,1,1,1,1,1
158,2,0,2,2,0,2,1,1,0,1,1,2,1,1,1,0,1,1,1,2
159,0,0,1,1,0,1,2,2,0,1,1,1,2,1,1,1,1,0,2,0
160,0,2,1,0,2,0,0,1,2,1,0,1,1,1,1,0,1,1,0,1
161,0,1,2,0,2,0,2,2,1,1,1,0,1,2,1,1,0,1,1,1
162,1,1,1,1,1,1,1,0,1,1,1,1,2,0,0,1,1,0,0,2
163,1,0,0,1,0,1,1,1,1,1,0,0,1,1,1,1,1,1,1,1
164,2,2,2,1,2,1,1,1,1,1,1,2,1,2,0,1,0,2,1,2
165,2,2,1,1,1,1,0,1,1,1,0,1,1,0,1,0,1,1,2,0
166,0,1,1,0,2,0,1,2,2,2,1,1,0,1,1,0,2,1,0,1
167,1,2,2,0,0,1,1,2,1,1,1,2,1,1,0,1,1,1,0,1
168,1,2,2,0,1,1,2,1,2,1,2,0,0,1,1,1,1,2,2,1
169,1,2,0,2,1,0,0,0,1,1,1,1,2,1,2,0,1,2,1,0
170,1,1,1,0,1,0,2,1,2,1,0,1,1,1,1,2,0,0,1,0
171,1,2,1,1,0,2,1,2,1,1,1,1,0,1,0,1,1,0,2,2
172,2,1,2,1,2,0,2,1,2,0,0,1,0,2,0,2,2,2,0,0
173,1,0,0,1,2,1,1,2,2,0,1,1,1,2,1,1,2,0,1,0
174,1,1,0,2,1,1,2,0,0,1,2,0,2,1,2,1,0,0,1,1
175,1,1,1,1,1,1,1,1,1,1,0,0,1,1,2,1,1,0,2,1
176,2,2,2,0,2,2,1,1,0,0,0,2,1,1,2,0,1,2,0,1
177,2,2,1,0,2,1,1,1,2,1,2,1,1,2,2,1,2,2,2,0
178,0,0,1,2,1,2,0,2,0,0,1,1,1,0,2,0,0,2,1,1
179,0,0,1,0,1,0,0,2,1,1,1,2,0,1,0,1,0,2,1,0
180,1,2,2,0,1,1,1,2,1,1,1,1,1,2,2,1,0,2,1,0
181,0,1,1,1,1,1,2,1,1,0,2,2,1,0,2,2,1,1,1,2
182,1,1,2,2,0,1,1,0,1,1,1,2,1,1,1,1,0,0,1,2
183,0,0,0,1,1,1,0,1,2,1,1,0,0,1,0,1,1,1,2,1
184,1,2,0,1,1,2,1,2,1,1,0,1,0,0,0,0,0,1,1,0
185,1,2,0,1,1,1,1,2,1,2,1,1,0,1,1,1,0,0,1,1
186,2,1,2,2,0,1,1,2,1,1,1,1,1,1,2,1,1,0,0,1
187,1,1,1,2,1,2,2,1,2,1,0,2,2,2,0,1,1,0,1,1
188,1,0,1,1,2,2,0,1,2,2,0,0,0,1,1,2,0,0,1,0
189,1,1,0,2,2,2,1,2,1,2,1,0,1,2,0,1,0,1,1,1
190,0,0,0,0,1,0,2,0,2,1,1,2,1,2,0,1,1,1,0,1
191,2,0,2,1,2,1,0,0,1,1,1,2,1,1,0,1,0,1,1,1
192,2,1,1,1,1,1,2,1,1,1,2,1,1,1,2,1,2,1,0,1
193,1,0,2,2,1,1,2,0,1,0,2,0,1,1,1,1,2,0,0,2
194,1,0,2,2,1,2,1,1,1,2,2,0,2,1,1,2,1,0,1,1
195,0,2,1,0,1,1,2,2,0,2,2,2,2,2,1,0,1,1,2,0
196,1,0,2,2,2,1,1,1,2,0,1,1,2,2,1,0,0,0,1,2
197,1,2,0,2,2,0,0,1,1,1,1,1,0,2,1,0,0,1,0,2
198,2,2,1,0,2,1,1,1,1,0,1,0,1,0,1,0,1,1,1,1
199,1,1,2,2,2,0,2,2,1,0,1,2,2,1,1,1,2,1,1,1
200,1,1,0,0,1,2,0,1,1,0,0,1,0,1,2,1,1,1,1,1
